Raw:0.69,-4.83,10.74,0.69,-4.83,10.74,0.69,-4.83,10.74
Raw:-0.15,-4.22,10.58,-0.15,-4.22,10.58,-0.15,-4.22,10.58
Raw:2.76,-6.75,16.87,2.76,-6.75,16.87,2.76,-6.75,16.87
Raw:3.07,-4.68,10.97,3.07,-4.68,10.97,3.07,-4.68,10.97
Raw:0.69,-4.98,15.72,0.69,-4.98,15.72,0.69,-4.98,15.72
Raw:-2.84,-3.68,13.65,-2.84,-3.68,13.65,-2.84,-3.68,13.65
Raw:-2.15,-3.99,13.11,-2.15,-3.99,13.11,-2.15,-3.99,13.11
Raw:-1.23,-2.38,12.81,-1.23,-2.38,12.81,-1.23,-2.38,12.81
Raw:-1.53,-4.68,12.19,-1.53,-4.68,12.19,-1.53,-4.68,12.19
Raw:0.00,-5.83,13.04,0.00,-5.83,13.04,0.00,-5.83,13.04
Raw:-0.46,-3.45,13.27,-0.46,-3.45,13.27,-0.46,-3.45,13.27
Raw:-1.69,-3.07,15.11,-1.69,-3.07,15.11,-1.69,-3.07,15.11
Raw:-2.61,-2.45,10.28,-2.61,-2.45,10.28,-2.61,-2.45,10.28
Raw:-2.38,2.30,4.68,-2.38,2.30,4.68,-2.38,2.30,4.68
Raw:-4.45,1.69,6.14,-4.45,1.69,6.14,-4.45,1.69,6.14
Raw:-4.83,2.53,2.45,-4.83,2.53,2.45,-4.83,2.53,2.45
Raw:-7.06,1.69,-5.44,-7.06,1.69,-5.44,-7.06,1.69,-5.44
Raw:-5.37,2.84,-7.29,-5.37,2.84,-7.29,-5.37,2.84,-7.29
Raw:-0.69,5.37,-9.66,-0.69,5.37,-9.66,-0.69,5.37,-9.66
Raw:2.07,7.21,-7.44,2.07,7.21,-7.44,2.07,7.21,-7.44
Raw:1.30,6.75,-12.65,1.30,6.75,-12.65,1.30,6.75,-12.65
Raw:8.82,6.75,-10.81,8.82,6.75,-10.81,8.82,6.75,-10.81
Raw:8.97,7.44,-10.74,8.97,7.44,-10.74,8.97,7.44,-10.74
Raw:9.28,11.89,-11.35,9.28,11.89,-11.35,9.28,11.89,-11.35
Raw:11.27,12.35,-7.21,11.27,12.35,-7.21,11.27,12.35,-7.21
Raw:8.36,17.71,-7.59,8.36,17.71,-7.59,8.36,17.71,-7.59
Raw:5.21,8.36,-2.15,5.21,8.36,-2.15,5.21,8.36,-2.15
Raw:-0.23,4.83,-13.50,-0.23,4.83,-13.50,-0.23,4.83,-13.50
Raw:-3.22,1.69,-8.51,-3.22,1.69,-8.51,-3.22,1.69,-8.51
Raw:-2.07,1.76,-17.48,-2.07,1.76,-17.48,-2.07,1.76,-17.48
Raw:3.07,4.60,-6.90,3.07,4.60,-6.90,3.07,4.60,-6.90
Raw:2.15,5.44,-6.52,2.15,5.44,-6.52,2.15,5.44,-6.52
Raw:-5.52,7.13,-10.35,-5.52,7.13,-10.35,-5.52,7.13,-10.35
Raw:5.98,1.38,-3.91,5.98,1.38,-3.91,5.98,1.38,-3.91
Raw:0.15,5.37,-6.83,0.15,5.37,-6.83,0.15,5.37,-6.83
Raw:-2.91,6.90,-5.90,-2.91,6.90,-5.90,-2.91,6.90,-5.90
Raw:-11.12,4.75,-2.91,-11.12,4.75,-2.91,-11.12,4.75,-2.91
Raw:-17.79,0.61,-0.15,-17.79,0.61,-0.15,-17.79,0.61,-0.15
Raw:-17.25,-3.53,3.30,-17.25,-3.53,3.30,-17.25,-3.53,3.30
Raw:-11.66,-8.59,3.07,-11.66,-8.59,3.07,-11.66,-8.59,3.07
Raw:-16.64,-3.99,-8.90,-16.64,-3.99,-8.90,-16.64,-3.99,-8.90
Raw:-9.59,0.69,-1.15,-9.59,0.69,-1.15,-9.59,0.69,-1.15
Raw:-6.75,-3.07,-4.83,-6.75,-3.07,-4.83,-6.75,-3.07,-4.83
Raw:-5.67,0.23,-4.14,-5.67,0.23,-4.14,-5.67,0.23,-4.14
Raw:-10.58,2.61,-6.75,-10.58,2.61,-6.75,-10.58,2.61,-6.75
Raw:-15.18,-3.60,-5.06,-15.18,-3.60,-5.06,-15.18,-3.60,-5.06
Raw:-21.70,-2.30,2.99,-21.70,-2.30,2.99,-21.70,-2.30,2.99
Raw:-15.80,0.15,-3.37,-15.80,0.15,-3.37,-15.80,0.15,-3.37
Raw:-8.90,0.54,-0.23,-8.90,0.54,-0.23,-8.90,0.54,-0.23
Raw:-7.67,0.69,-3.07,-7.67,0.69,-3.07,-7.67,0.69,-3.07
Raw:-3.60,-0.69,1.92,-3.60,-0.69,1.92,-3.60,-0.69,1.92
Raw:-5.06,1.00,-2.15,-5.06,1.00,-2.15,-5.06,1.00,-2.15
Raw:-7.44,9.28,-7.59,-7.44,9.28,-7.59,-7.44,9.28,-7.59
Raw:-6.29,13.42,-4.91,-6.29,13.42,-4.91,-6.29,13.42,-4.91
Raw:-0.84,9.20,-1.07,-0.84,9.20,-1.07,-0.84,9.20,-1.07
Raw:-3.91,11.96,-4.60,-3.91,11.96,-4.60,-3.91,11.96,-4.60
Raw:-2.38,10.81,-8.21,-2.38,10.81,-8.21,-2.38,10.81,-8.21
Raw:-5.37,10.89,-7.13,-5.37,10.89,-7.13,-5.37,10.89,-7.13
Raw:-4.83,10.05,-8.36,-4.83,10.05,-8.36,-4.83,10.05,-8.36
Raw:-5.29,11.66,-10.74,-5.29,11.66,-10.74,-5.29,11.66,-10.74
Raw:6.29,9.74,-4.83,6.29,9.74,-4.83,6.29,9.74,-4.83
Raw:15.87,13.57,-5.98,15.87,13.57,-5.98,15.87,13.57,-5.98
Raw:17.10,13.96,-5.67,17.10,13.96,-5.67,17.10,13.96,-5.67
Raw:13.80,18.56,-4.14,13.80,18.56,-4.14,13.80,18.56,-4.14
Raw:14.95,22.47,0.38,14.95,22.47,0.38,14.95,22.47,0.38
Raw:-0.61,18.10,-1.07,-0.61,18.10,-1.07,-0.61,18.10,-1.07
Raw:-3.53,15.03,-0.31,-3.53,15.03,-0.31,-3.53,15.03,-0.31
Raw:-7.98,8.28,-5.98,-7.98,8.28,-5.98,-7.98,8.28,-5.98
Raw:-3.30,0.00,-6.29,-3.30,0.00,-6.29,-3.30,0.00,-6.29
Raw:-2.38,-2.68,1.76,-2.38,-2.68,1.76,-2.38,-2.68,1.76
Raw:0.00,-5.90,-2.61,0.00,-5.90,-2.61,0.00,-5.90,-2.61
Raw:-3.76,0.54,2.38,-3.76,0.54,2.38,-3.76,0.54,2.38
Raw:-4.52,6.44,16.33,-4.52,6.44,16.33,-4.52,6.44,16.33
Raw:-7.36,4.98,15.34,-7.36,4.98,15.34,-7.36,4.98,15.34
Raw:-8.74,6.37,22.01,-8.74,6.37,22.01,-8.74,6.37,22.01
Raw:-8.67,-0.38,11.43,-8.67,-0.38,11.43,-8.67,-0.38,11.43
Raw:-2.30,1.99,15.11,-2.30,1.99,15.11,-2.30,1.99,15.11
Raw:-2.30,-0.69,27.07,-2.30,-0.69,27.07,-2.30,-0.69,27.07
Raw:4.75,-9.89,31.37,4.75,-9.89,31.37,4.75,-9.89,31.37
Raw:2.07,-1.07,37.65,2.07,-1.07,37.65,2.07,-1.07,37.65
Raw:-7.98,15.87,19.40,-7.98,15.87,19.40,-7.98,15.87,19.40
Raw:-20.17,19.86,12.50,-20.17,19.86,12.50,-20.17,19.86,12.50
Raw:-18.48,-1.76,-11.50,-18.48,-1.76,-11.50,-18.48,-1.76,-11.50
Raw:-22.39,11.12,17.71,-22.39,11.12,17.71,-22.39,11.12,17.71
Raw:11.35,2.30,13.50,11.35,2.30,13.50,11.35,2.30,13.50
Raw:6.21,18.79,12.58,6.21,18.79,12.58,6.21,18.79,12.58
Raw:6.06,24.85,7.67,6.06,24.85,7.67,6.06,24.85,7.67
Raw:10.43,24.23,10.81,10.43,24.23,10.81,10.43,24.23,10.81
Raw:3.14,23.24,14.19,3.14,23.24,14.19,3.14,23.24,14.19
Raw:-2.53,19.10,13.57,-2.53,19.10,13.57,-2.53,19.10,13.57
Raw:0.46,14.57,7.52,0.46,14.57,7.52,0.46,14.57,7.52
Raw:0.61,18.18,12.42,0.61,18.18,12.42,0.61,18.18,12.42
Raw:-6.06,13.73,22.16,-6.06,13.73,22.16,-6.06,13.73,22.16
Raw:-23.93,13.42,26.69,-23.93,13.42,26.69,-23.93,13.42,26.69
Raw:-25.46,17.64,35.51,-25.46,17.64,35.51,-25.46,17.64,35.51
Raw:-25.38,11.73,39.11,-25.38,11.73,39.11,-25.38,11.73,39.11
Raw:-26.00,-7.06,39.11,-26.00,-7.06,39.11,-26.00,-7.06,39.11
Raw:-26.69,-18.48,-4.29,-26.69,-18.48,-4.29,-26.69,-18.48,-4.29
Raw:-4.37,-2.45,36.20,-4.37,-2.45,36.20,-4.37,-2.45,36.20
Raw:-5.14,2.22,39.11,-5.14,2.22,39.11,-5.14,2.22,39.11
Raw:6.29,-0.08,39.11,6.29,-0.08,39.11,6.29,-0.08,39.11
Raw:0.15,3.30,39.11,0.15,3.30,39.11,0.15,3.30,39.11
Raw:5.44,2.76,34.05,5.44,2.76,34.05,5.44,2.76,34.05
Raw:-27.53,29.37,3.83,-27.53,29.37,3.83,-27.53,29.37,3.83
Raw:-39.11,3.76,38.88,-39.11,3.76,38.88,-39.11,3.76,38.88
Raw:35.97,-12.96,39.11,35.97,-12.96,39.11,35.97,-12.96,39.11
Raw:-15.41,36.43,3.22,-15.41,36.43,3.22,-15.41,36.43,3.22
Raw:3.76,27.07,15.49,3.76,27.07,15.49,3.76,27.07,15.49
Raw:10.58,15.95,13.57,10.58,15.95,13.57,10.58,15.95,13.57
Raw:1.07,8.36,8.44,1.07,8.36,8.44,1.07,8.36,8.44
Raw:4.75,-0.38,9.82,4.75,-0.38,9.82,4.75,-0.38,9.82
Raw:-7.13,3.68,1.61,-7.13,3.68,1.61,-7.13,3.68,1.61
Raw:-11.27,3.99,-8.21,-11.27,3.99,-8.21,-11.27,3.99,-8.21
Raw:-2.76,1.30,-6.52,-2.76,1.30,-6.52,-2.76,1.30,-6.52
Raw:7.98,3.07,-2.76,7.98,3.07,-2.76,7.98,3.07,-2.76
Raw:15.80,4.91,12.65,15.80,4.91,12.65,15.80,4.91,12.65
Raw:7.21,18.71,7.82,7.21,18.71,7.82,7.21,18.71,7.82
Raw:7.52,17.41,17.56,7.52,17.41,17.56,7.52,17.41,17.56
Raw:-3.07,19.02,15.11,-3.07,19.02,15.11,-3.07,19.02,15.11
Raw:-7.13,13.42,0.77,-7.13,13.42,0.77,-7.13,13.42,0.77
Raw:3.53,1.23,-2.22,3.53,1.23,-2.22,3.53,1.23,-2.22
Raw:-1.38,4.98,1.15,-1.38,4.98,1.15,-1.38,4.98,1.15
Raw:2.99,2.91,-3.22,2.99,2.91,-3.22,2.99,2.91,-3.22
Raw:-0.54,9.82,0.31,-0.54,9.82,0.31,-0.54,9.82,0.31
Raw:-0.61,12.58,-7.29,-0.61,12.58,-7.29,-0.61,12.58,-7.29
Raw:1.99,9.51,3.68,1.99,9.51,3.68,1.99,9.51,3.68
Raw:-4.06,11.96,2.15,-4.06,11.96,2.15,-4.06,11.96,2.15
Raw:-3.68,8.44,-0.08,-3.68,8.44,-0.08,-3.68,8.44,-0.08
Raw:-2.99,7.98,1.07,-2.99,7.98,1.07,-2.99,7.98,1.07
Raw:-3.37,7.82,-0.31,-3.37,7.82,-0.31,-3.37,7.82,-0.31
Raw:1.53,5.67,-1.07,1.53,5.67,-1.07,1.53,5.67,-1.07
Raw:2.15,4.75,-0.61,2.15,4.75,-0.61,2.15,4.75,-0.61
Raw:-3.07,8.21,-1.00,-3.07,8.21,-1.00,-3.07,8.21,-1.00
Raw:-1.30,4.98,4.68,-1.30,4.98,4.68,-1.30,4.98,4.68
Raw:0.08,-4.14,9.13,0.08,-4.14,9.13,0.08,-4.14,9.13
Raw:-11.04,1.30,10.89,-11.04,1.30,10.89,-11.04,1.30,10.89
Raw:-4.83,-2.30,13.19,-4.83,-2.30,13.19,-4.83,-2.30,13.19
Raw:4.91,-9.74,23.16,4.91,-9.74,23.16,4.91,-9.74,23.16
Raw:-10.58,-5.06,15.26,-10.58,-5.06,15.26,-10.58,-5.06,15.26
Raw:-10.20,-8.13,6.83,-10.20,-8.13,6.83,-10.20,-8.13,6.83
Raw:1.61,-10.05,19.56,1.61,-10.05,19.56,1.61,-10.05,19.56
Raw:-11.58,-2.68,14.95,-11.58,-2.68,14.95,-11.58,-2.68,14.95
Raw:-4.98,-8.13,16.79,-4.98,-8.13,16.79,-4.98,-8.13,16.79
Raw:-3.37,-9.36,25.38,-3.37,-9.36,25.38,-3.37,-9.36,25.38
Raw:-6.06,-4.60,17.25,-6.06,-4.60,17.25,-6.06,-4.60,17.25
Raw:-1.61,-8.36,15.18,-1.61,-8.36,15.18,-1.61,-8.36,15.18
Raw:-11.12,-2.53,15.64,-11.12,-2.53,15.64,-11.12,-2.53,15.64
Raw:1.61,-2.91,19.56,1.61,-2.91,19.56,1.61,-2.91,19.56
Raw:-1.38,14.03,11.73,-1.38,14.03,11.73,-1.38,14.03,11.73
Raw:6.37,13.19,8.74,6.37,13.19,8.74,6.37,13.19,8.74
Raw:9.97,11.89,9.20,9.97,11.89,9.20,9.97,11.89,9.20
Raw:8.97,5.90,7.13,8.97,5.90,7.13,8.97,5.90,7.13
Raw:7.13,8.05,10.74,7.13,8.05,10.74,7.13,8.05,10.74
Raw:4.22,9.82,8.44,4.22,9.82,8.44,4.22,9.82,8.44
Raw:3.30,5.14,11.66,3.30,5.14,11.66,3.30,5.14,11.66
Raw:-3.91,8.74,6.37,-3.91,8.74,6.37,-3.91,8.74,6.37
Raw:-5.60,9.89,7.29,-5.60,9.89,7.29,-5.60,9.89,7.29
Raw:-3.22,10.66,0.23,-3.22,10.66,0.23,-3.22,10.66,0.23
Raw:-4.75,14.80,0.15,-4.75,14.80,0.15,-4.75,14.80,0.15
Raw:0.46,11.96,-1.84,0.46,11.96,-1.84,0.46,11.96,-1.84
Raw:0.38,16.03,-2.99,0.38,16.03,-2.99,0.38,16.03,-2.99
Raw:6.98,13.42,2.68,6.98,13.42,2.68,6.98,13.42,2.68
Raw:0.31,16.10,4.75,0.31,16.10,4.75,0.31,16.10,4.75
Raw:-2.15,16.49,4.83,-2.15,16.49,4.83,-2.15,16.49,4.83
Raw:0.31,14.34,0.23,0.31,14.34,0.23,0.31,14.34,0.23
Raw:0.84,10.05,3.83,0.84,10.05,3.83,0.84,10.05,3.83
Raw:-6.37,13.04,5.98,-6.37,13.04,5.98,-6.37,13.04,5.98
Raw:-16.41,15.95,-5.37,-16.41,15.95,-5.37,-16.41,15.95,-5.37
Raw:-4.06,6.83,2.45,-4.06,6.83,2.45,-4.06,6.83,2.45
Raw:1.69,-18.10,-5.44,1.69,-18.10,-5.44,1.69,-18.10,-5.44
Raw:-10.12,-5.90,-0.38,-10.12,-5.90,-0.38,-10.12,-5.90,-0.38
Raw:-10.43,0.61,-1.23,-10.43,0.61,-1.23,-10.43,0.61,-1.23
Raw:7.90,-9.13,3.60,7.90,-9.13,3.60,7.90,-9.13,3.60
Raw:3.53,-15.41,-2.84,3.53,-15.41,-2.84,3.53,-15.41,-2.84
Raw:4.06,-14.42,1.99,4.06,-14.42,1.99,4.06,-14.42,1.99
Raw:-3.91,-6.29,-6.60,-3.91,-6.29,-6.60,-3.91,-6.29,-6.60
Raw:22.32,-24.54,8.36,22.32,-24.54,8.36,22.32,-24.54,8.36
Raw:14.26,-10.89,1.30,14.26,-10.89,1.30,14.26,-10.89,1.30
Raw:24.31,-1.69,9.51,24.31,-1.69,9.51,24.31,-1.69,9.51
Raw:14.80,1.99,6.60,14.80,1.99,6.60,14.80,1.99,6.60
Raw:7.06,-3.37,2.99,7.06,-3.37,2.99,7.06,-3.37,2.99
Raw:6.44,-11.50,1.23,6.44,-11.50,1.23,6.44,-11.50,1.23
Raw:1.15,-6.83,-3.14,1.15,-6.83,-3.14,1.15,-6.83,-3.14
Raw:-0.69,-8.21,2.91,-0.69,-8.21,2.91,-0.69,-8.21,2.91
Raw:-6.44,-10.97,-3.37,-6.44,-10.97,-3.37,-6.44,-10.97,-3.37
Raw:-1.92,-14.65,-0.61,-1.92,-14.65,-0.61,-1.92,-14.65,-0.61
Raw:-5.75,-10.20,-10.51,-5.75,-10.20,-10.51,-5.75,-10.20,-10.51
Raw:-5.06,-0.54,-9.20,-5.06,-0.54,-9.20,-5.06,-0.54,-9.20
Raw:-0.38,0.00,-11.66,-0.38,0.00,-11.66,-0.38,0.00,-11.66
Raw:2.61,3.45,-6.90,2.61,3.45,-6.90,2.61,3.45,-6.90
Raw:4.37,-1.84,-9.20,4.37,-1.84,-9.20,4.37,-1.84,-9.20
Raw:6.90,-4.06,-8.44,6.90,-4.06,-8.44,6.90,-4.06,-8.44
Raw:4.83,-7.21,-7.36,4.83,-7.21,-7.36,4.83,-7.21,-7.36
Raw:-2.76,-4.06,-6.90,-2.76,-4.06,-6.90,-2.76,-4.06,-6.90
Raw:-11.43,-3.68,-5.90,-11.43,-3.68,-5.90,-11.43,-3.68,-5.90
Raw:-8.97,-7.13,-14.72,-8.97,-7.13,-14.72,-8.97,-7.13,-14.72
Raw:-5.44,-7.29,-12.81,-5.44,-7.29,-12.81,-5.44,-7.29,-12.81
Raw:-5.90,-0.31,-13.73,-5.90,-0.31,-13.73,-5.90,-0.31,-13.73
Raw:3.83,-0.31,-3.37,3.83,-0.31,-3.37,3.83,-0.31,-3.37
Raw:8.13,-6.60,-5.37,8.13,-6.60,-5.37,8.13,-6.60,-5.37
Raw:0.92,-10.74,-7.59,0.92,-10.74,-7.59,0.92,-10.74,-7.59
Raw:6.52,-9.66,-1.76,6.52,-9.66,-1.76,6.52,-9.66,-1.76
Raw:10.66,-3.83,-0.23,10.66,-3.83,-0.23,10.66,-3.83,-0.23
Raw:7.21,-2.30,-4.68,7.21,-2.30,-4.68,7.21,-2.30,-4.68
Raw:7.44,-4.98,-1.92,7.44,-4.98,-1.92,7.44,-4.98,-1.92
Raw:1.69,-4.75,-5.75,1.69,-4.75,-5.75,1.69,-4.75,-5.75
Raw:8.59,-1.61,-1.23,8.59,-1.61,-1.23,8.59,-1.61,-1.23
Raw:-2.45,-0.23,-12.65,-2.45,-0.23,-12.65,-2.45,-0.23,-12.65
Raw:-6.44,-28.14,7.36,-6.44,-28.14,7.36,-6.44,-28.14,7.36
Raw:-1.69,-17.41,3.91,-1.69,-17.41,3.91,-1.69,-17.41,3.91
Raw:-8.13,-8.67,-4.52,-8.13,-8.67,-4.52,-8.13,-8.67,-4.52
Raw:-3.37,-10.58,3.07,-3.37,-10.58,3.07,-3.37,-10.58,3.07
Raw:-6.44,-14.95,5.06,-6.44,-14.95,5.06,-6.44,-14.95,5.06
Raw:-0.15,-13.04,-0.31,-0.15,-13.04,-0.31,-0.15,-13.04,-0.31
Raw:-1.07,0.23,-1.38,-1.07,0.23,-1.38,-1.07,0.23,-1.38
Raw:-1.23,-9.89,4.29,-1.23,-9.89,4.29,-1.23,-9.89,4.29
Raw:-0.54,-6.14,-4.14,-0.54,-6.14,-4.14,-0.54,-6.14,-4.14
Raw:9.51,-10.51,3.76,9.51,-10.51,3.76,9.51,-10.51,3.76
Raw:12.58,-12.12,10.51,12.58,-12.12,10.51,12.58,-12.12,10.51
Raw:11.27,-7.59,-1.00,11.27,-7.59,-1.00,11.27,-7.59,-1.00
Raw:-0.23,-10.66,1.38,-0.23,-10.66,1.38,-0.23,-10.66,1.38
Raw:0.92,-5.75,1.38,0.92,-5.75,1.38,0.92,-5.75,1.38
Raw:-4.06,-10.05,4.14,-4.06,-10.05,4.14,-4.06,-10.05,4.14
Raw:2.07,-4.91,3.14,2.07,-4.91,3.14,2.07,-4.91,3.14
Raw:-2.38,-10.43,1.46,-2.38,-10.43,1.46,-2.38,-10.43,1.46
Raw:-4.22,-11.12,1.69,-4.22,-11.12,1.69,-4.22,-11.12,1.69
Raw:0.69,-11.35,10.12,0.69,-11.35,10.12,0.69,-11.35,10.12
Raw:-3.45,-4.98,13.34,-3.45,-4.98,13.34,-3.45,-4.98,13.34
Raw:1.53,-14.42,23.62,1.53,-14.42,23.62,1.53,-14.42,23.62
Raw:-3.99,-9.74,14.88,-3.99,-9.74,14.88,-3.99,-9.74,14.88
Raw:-4.60,-7.36,15.80,-4.60,-7.36,15.80,-4.60,-7.36,15.80
Raw:-11.89,-21.40,8.82,-11.89,-21.40,8.82,-11.89,-21.40,8.82
Raw:-6.06,-10.43,-10.12,-6.06,-10.43,-10.12,-6.06,-10.43,-10.12
Raw:-0.38,4.52,-17.94,-0.38,4.52,-17.94,-0.38,4.52,-17.94
Raw:5.83,-5.67,-0.46,5.83,-5.67,-0.46,5.83,-5.67,-0.46
Raw:5.52,-21.47,5.75,5.52,-21.47,5.75,5.52,-21.47,5.75
Raw:7.29,-10.66,1.00,7.29,-10.66,1.00,7.29,-10.66,1.00
Raw:5.98,-4.91,-7.29,5.98,-4.91,-7.29,5.98,-4.91,-7.29
Raw:4.14,-4.91,-5.90,4.14,-4.91,-5.90,4.14,-4.91,-5.90
Raw:4.29,-10.51,-1.99,4.29,-10.51,-1.99,4.29,-10.51,-1.99
Raw:5.44,-10.35,-0.15,5.44,-10.35,-0.15,5.44,-10.35,-0.15
Raw:6.98,-9.36,-0.54,6.98,-9.36,-0.54,6.98,-9.36,-0.54
Raw:5.37,-6.90,-3.76,5.37,-6.90,-3.76,5.37,-6.90,-3.76
Raw:5.52,-7.90,-3.76,5.52,-7.90,-3.76,5.52,-7.90,-3.76
Raw:5.21,-8.13,-3.22,5.21,-8.13,-3.22,5.21,-8.13,-3.22
Raw:15.34,-23.77,15.57,15.34,-23.77,15.57,15.34,-23.77,15.57
Raw:-1.69,-5.06,-0.46,-1.69,-5.06,-0.46,-1.69,-5.06,-0.46
Raw:5.37,-7.59,3.30,5.37,-7.59,3.30,5.37,-7.59,3.30
Raw:8.13,-12.19,0.15,8.13,-12.19,0.15,8.13,-12.19,0.15
Raw:2.07,-8.36,-9.36,2.07,-8.36,-9.36,2.07,-8.36,-9.36
Raw:5.06,-8.82,-2.45,5.06,-8.82,-2.45,5.06,-8.82,-2.45
Raw:6.52,-7.75,-5.98,6.52,-7.75,-5.98,6.52,-7.75,-5.98
Raw:7.59,-7.36,-2.68,7.59,-7.36,-2.68,7.59,-7.36,-2.68
Raw:4.06,-5.52,-3.30,4.06,-5.52,-3.30,4.06,-5.52,-3.30
Raw:-2.53,-1.07,-4.98,-2.53,-1.07,-4.98,-2.53,-1.07,-4.98
Raw:-4.91,-0.23,-7.59,-4.91,-0.23,-7.59,-4.91,-0.23,-7.59
Raw:-2.38,-2.53,-4.68,-2.38,-2.53,-4.68,-2.38,-2.53,-4.68
Raw:-4.60,-4.37,1.46,-4.60,-4.37,1.46,-4.60,-4.37,1.46
Raw:-12.19,-2.45,0.31,-12.19,-2.45,0.31,-12.19,-2.45,0.31
Raw:-10.51,-2.91,-1.38,-10.51,-2.91,-1.38,-10.51,-2.91,-1.38
Raw:-3.53,-4.22,-4.91,-3.53,-4.22,-4.91,-3.53,-4.22,-4.91
Raw:-10.35,-0.38,6.14,-10.35,-0.38,6.14,-10.35,-0.38,6.14
Raw:-13.65,-4.29,1.07,-13.65,-4.29,1.07,-13.65,-4.29,1.07
Raw:-8.05,-6.14,1.38,-8.05,-6.14,1.38,-8.05,-6.14,1.38
Raw:-7.59,-3.76,7.36,-7.59,-3.76,7.36,-7.59,-3.76,7.36
Raw:-7.13,-2.99,7.52,-7.13,-2.99,7.52,-7.13,-2.99,7.52
Raw:-5.44,-4.98,6.67,-5.44,-4.98,6.67,-5.44,-4.98,6.67
Raw:-5.06,-4.98,6.90,-5.06,-4.98,6.90,-5.06,-4.98,6.90
Raw:-4.98,-4.22,9.13,-4.98,-4.22,9.13,-4.98,-4.22,9.13
Raw:-4.98,-3.37,8.51,-4.98,-3.37,8.51,-4.98,-3.37,8.51
Raw:-6.21,-2.76,8.90,-6.21,-2.76,8.90,-6.21,-2.76,8.90
Raw:-7.82,-3.30,10.28,-7.82,-3.30,10.28,-7.82,-3.30,10.28
Raw:-1.61,-3.37,4.60,-1.61,-3.37,4.60,-1.61,-3.37,4.60
Raw:-4.52,0.38,7.59,-4.52,0.38,7.59,-4.52,0.38,7.59
Raw:-11.89,2.53,6.75,-11.89,2.53,6.75,-11.89,2.53,6.75
Raw:-8.67,-7.59,11.96,-8.67,-7.59,11.96,-8.67,-7.59,11.96
Raw:-11.58,1.00,5.21,-11.58,1.00,5.21,-11.58,1.00,5.21
Raw:-12.96,1.76,9.97,-12.96,1.76,9.97,-12.96,1.76,9.97
Raw:-14.26,2.22,6.83,-14.26,2.22,6.83,-14.26,2.22,6.83
Raw:-4.52,-3.91,11.20,-4.52,-3.91,11.20,-4.52,-3.91,11.20
Raw:-3.07,3.37,-0.69,-3.07,3.37,-0.69,-3.07,3.37,-0.69
Raw:-5.37,3.76,0.23,-5.37,3.76,0.23,-5.37,3.76,0.23
Raw:-2.38,5.21,-2.53,-2.38,5.21,-2.53,-2.38,5.21,-2.53
Raw:0.08,0.77,-3.37,0.08,0.77,-3.37,0.08,0.77,-3.37
Raw:6.67,-5.44,1.99,6.67,-5.44,1.99,6.67,-5.44,1.99
Raw:13.96,-10.89,-0.54,13.96,-10.89,-0.54,13.96,-10.89,-0.54
Raw:12.88,-10.35,5.98,12.88,-10.35,5.98,12.88,-10.35,5.98
Raw:9.89,-5.29,2.07,9.89,-5.29,2.07,9.89,-5.29,2.07
Raw:20.09,-7.29,-6.52,20.09,-7.29,-6.52,20.09,-7.29,-6.52
Raw:-7.98,-3.37,3.68,-7.98,-3.37,3.68,-7.98,-3.37,3.68
Raw:8.21,-5.75,1.00,8.21,-5.75,1.00,8.21,-5.75,1.00
Raw:10.12,-12.81,6.44,10.12,-12.81,6.44,10.12,-12.81,6.44
Raw:2.53,-8.05,-4.14,2.53,-8.05,-4.14,2.53,-8.05,-4.14
Raw:2.38,-6.60,-2.53,2.38,-6.60,-2.53,2.38,-6.60,-2.53
Raw:1.23,-8.82,-0.15,1.23,-8.82,-0.15,1.23,-8.82,-0.15
Raw:5.29,-11.96,-1.53,5.29,-11.96,-1.53,5.29,-11.96,-1.53
Raw:2.91,-11.50,-2.53,2.91,-11.50,-2.53,2.91,-11.50,-2.53
Raw:2.76,-12.19,-0.84,2.76,-12.19,-0.84,2.76,-12.19,-0.84
Raw:5.21,-14.26,0.54,5.21,-14.26,0.54,5.21,-14.26,0.54
Raw:6.29,-10.12,-0.84,6.29,-10.12,-0.84,6.29,-10.12,-0.84
Raw:13.96,-22.39,7.75,13.96,-22.39,7.75,13.96,-22.39,7.75
Raw:2.30,-5.90,-3.22,2.30,-5.90,-3.22,2.30,-5.90,-3.22
Raw:1.53,-9.20,-1.46,1.53,-9.20,-1.46,1.53,-9.20,-1.46
Raw:0.00,-9.97,-2.38,0.00,-9.97,-2.38,0.00,-9.97,-2.38
Raw:-2.76,-5.83,-3.68,-2.76,-5.83,-3.68,-2.76,-5.83,-3.68
Raw:-5.90,-5.06,-3.07,-5.90,-5.06,-3.07,-5.90,-5.06,-3.07
Raw:-6.83,-7.59,-0.54,-6.83,-7.59,-0.54,-6.83,-7.59,-0.54
Raw:-13.19,-8.82,2.76,-13.19,-8.82,2.76,-13.19,-8.82,2.76
Raw:2.30,-9.43,0.54,2.30,-9.43,0.54,2.30,-9.43,0.54
Raw:0.54,-9.89,-1.53,0.54,-9.89,-1.53,0.54,-9.89,-1.53
Raw:-1.53,-12.04,-0.15,-1.53,-12.04,-0.15,-1.53,-12.04,-0.15
Raw:-1.23,-12.27,-1.00,-1.23,-12.27,-1.00,-1.23,-12.27,-1.00
Raw:-12.96,-3.53,-4.37,-12.96,-3.53,-4.37,-12.96,-3.53,-4.37
Raw:-2.30,-6.90,-1.92,-2.30,-6.90,-1.92,-2.30,-6.90,-1.92
Raw:-9.97,-5.52,-14.88,-9.97,-5.52,-14.88,-9.97,-5.52,-14.88
Raw:-6.14,-4.91,-11.58,-6.14,-4.91,-11.58,-6.14,-4.91,-11.58
Raw:-5.90,-5.37,-0.77,-5.90,-5.37,-0.77,-5.90,-5.37,-0.77
Raw:-2.61,-8.90,3.22,-2.61,-8.90,3.22,-2.61,-8.90,3.22
Raw:-2.91,-10.05,2.84,-2.91,-10.05,2.84,-2.91,-10.05,2.84
Raw:-3.99,-9.59,2.91,-3.99,-9.59,2.91,-3.99,-9.59,2.91
Raw:-4.75,-7.21,4.29,-4.75,-7.21,4.29,-4.75,-7.21,4.29
Raw:-3.83,-7.21,5.37,-3.83,-7.21,5.37,-3.83,-7.21,5.37
Raw:-2.99,-7.82,2.22,-2.99,-7.82,2.22,-2.99,-7.82,2.22
Raw:-2.68,-7.75,4.37,-2.68,-7.75,4.37,-2.68,-7.75,4.37
Raw:-2.15,-7.67,5.44,-2.15,-7.67,5.44,-2.15,-7.67,5.44
Raw:-1.92,-8.13,6.67,-1.92,-8.13,6.67,-1.92,-8.13,6.67
Raw:-1.00,-7.75,7.52,-1.00,-7.75,7.52,-1.00,-7.75,7.52
Raw:-0.92,-7.06,6.83,-0.92,-7.06,6.83,-0.92,-7.06,6.83
Raw:-0.69,-6.37,7.98,-0.69,-6.37,7.98,-0.69,-6.37,7.98
Raw:-1.23,-6.37,7.98,-1.23,-6.37,7.98,-1.23,-6.37,7.98
Raw:-1.00,-5.90,8.90,-1.00,-5.90,8.90,-1.00,-5.90,8.90
Raw:-0.92,-5.67,8.90,-0.92,-5.67,8.90,-0.92,-5.67,8.90
Raw:1.15,-6.37,8.51,1.15,-6.37,8.51,1.15,-6.37,8.51
Raw:-1.46,-5.60,8.13,-1.46,-5.60,8.13,-1.46,-5.60,8.13
Raw:0.92,-5.75,7.82,0.92,-5.75,7.82,0.92,-5.75,7.82
Raw:-1.53,-5.44,7.36,-1.53,-5.44,7.36,-1.53,-5.44,7.36
Raw:-1.00,-5.52,7.67,-1.00,-5.52,7.67,-1.00,-5.52,7.67
Raw:-0.84,-5.37,8.67,-0.84,-5.37,8.67,-0.84,-5.37,8.67
Raw:-0.61,-5.60,7.75,-0.61,-5.60,7.75,-0.61,-5.60,7.75
Raw:-0.38,-5.83,8.82,-0.38,-5.83,8.82,-0.38,-5.83,8.82
Raw:-0.15,-6.21,9.36,-0.15,-6.21,9.36,-0.15,-6.21,9.36
Raw:0.00,-6.29,8.51,0.00,-6.29,8.51,0.00,-6.29,8.51
Raw:0.46,-6.37,8.21,0.46,-6.37,8.21,0.46,-6.37,8.21
Raw:0.31,-6.37,9.20,0.31,-6.37,9.20,0.31,-6.37,9.20
Raw:0.31,-4.91,6.37,0.31,-4.91,6.37,0.31,-4.91,6.37
Raw:0.69,-5.14,7.67,0.69,-5.14,7.67,0.69,-5.14,7.67
Raw:1.15,-5.98,7.59,1.15,-5.98,7.59,1.15,-5.98,7.59
Raw:1.30,-5.83,8.13,1.30,-5.83,8.13,1.30,-5.83,8.13
Raw:0.84,-5.67,8.21,0.84,-5.67,8.21,0.84,-5.67,8.21
Raw:0.61,-5.67,8.13,0.61,-5.67,8.13,0.61,-5.67,8.13
Raw:0.77,-5.98,7.59,0.77,-5.98,7.59,0.77,-5.98,7.59
Raw:1.76,-6.37,8.67,1.76,-6.37,8.67,1.76,-6.37,8.67
Raw:1.23,-6.29,8.21,1.23,-6.29,8.21,1.23,-6.29,8.21
Raw:-0.08,-5.21,8.44,-0.08,-5.21,8.44,-0.08,-5.21,8.44
Raw:1.07,-6.21,8.51,1.07,-6.21,8.51,1.07,-6.21,8.51
Raw:1.07,-6.21,7.75,1.07,-6.21,7.75,1.07,-6.21,7.75
Raw:0.92,-5.75,8.05,0.92,-5.75,8.05,0.92,-5.75,8.05
Raw:0.46,-5.37,7.75,0.46,-5.37,7.75,0.46,-5.37,7.75
Raw:1.00,-5.29,7.52,1.00,-5.29,7.52,1.00,-5.29,7.52
Raw:0.84,-5.75,7.52,0.84,-5.75,7.52,0.84,-5.75,7.52
Raw:0.69,-5.67,7.59,0.69,-5.67,7.59,0.69,-5.67,7.59
Raw:1.23,-5.98,7.75,1.23,-5.98,7.75,1.23,-5.98,7.75
Raw:0.84,-5.67,8.13,0.84,-5.67,8.13,0.84,-5.67,8.13
Raw:1.00,-5.83,8.21,1.00,-5.83,8.21,1.00,-5.83,8.21
Raw:1.07,-5.90,7.82,1.07,-5.90,7.82,1.07,-5.90,7.82
Raw:1.00,-6.21,7.36,1.00,-6.21,7.36,1.00,-6.21,7.36
Raw:1.38,-6.21,7.82,1.38,-6.21,7.82,1.38,-6.21,7.82
Raw:0.77,-5.90,7.98,0.77,-5.90,7.98,0.77,-5.90,7.98
Raw:1.23,-6.14,7.44,1.23,-6.14,7.44,1.23,-6.14,7.44